a: 28, 60, 55, 72, 77, 80, 10, 20, 1, 59, 49, 14,
b :
pb
a: 60, 55, 72, 77, 80, 10, 20, 1, 59, 49, 14,
b : 28,
pb
a: 55, 72, 77, 80, 10, 20, 1, 59, 49, 14,
b : 60, 28,
pb
a: 72, 77, 80, 10, 20, 1, 59, 49, 14,
b : 55, 60, 28,
rra
a: 77, 80, 10, 20, 1, 59, 49, 14, 72,
b : 55, 60, 28,
rra
a: 80, 10, 20, 1, 59, 49, 14, 72, 77,
b : 55, 60, 28,
rra
a: 10, 20, 1, 59, 49, 14, 72, 77, 80,
b : 55, 60, 28,
pb
a: 20, 1, 59, 49, 14, 72, 77, 80,
b : 10, 55, 60, 28,
pb
a: 1, 59, 49, 14, 72, 77, 80,
b : 20, 10, 55, 60, 28,
pb
a: 59, 49, 14, 72, 77, 80,
b : 1, 20, 10, 55, 60, 28,
pb
a: 49, 14, 72, 77, 80,
b : 59, 1, 20, 10, 55, 60, 28,
pb
a: 14, 72, 77, 80,
b : 49, 59, 1, 20, 10, 55, 60, 28,
pb
a: 72, 77, 80,
b : 14, 49, 59, 1, 20, 10, 55, 60, 28,
pa
a: 14, 72, 77, 80,
b : 49, 59, 1, 20, 10, 55, 60, 28,
pa
a: 49, 14, 72, 77, 80,
b : 59, 1, 20, 10, 55, 60, 28,
pa
a: 59, 49, 14, 72, 77, 80,
b : 1, 20, 10, 55, 60, 28,
rrb
a: 59, 49, 14, 72, 77, 80,
b : 20, 10, 55, 60, 28, 1,
pa
a: 20, 59, 49, 14, 72, 77, 80,
b : 10, 55, 60, 28, 1,
rrb
a: 20, 59, 49, 14, 72, 77, 80,
b : 55, 60, 28, 1, 10,
pa
a: 55, 20, 59, 49, 14, 72, 77, 80,
b : 60, 28, 1, 10,
pa
a: 60, 55, 20, 59, 49, 14, 72, 77, 80,
b : 28, 1, 10,
pa
a: 28, 60, 55, 20, 59, 49, 14, 72, 77, 80,
b : 1, 10,
pb
a: 60, 55, 20, 59, 49, 14, 72, 77, 80,
b : 28, 1, 10,
rra
a: 55, 20, 59, 49, 14, 72, 77, 80, 60,
b : 28, 1, 10,
pb
a: 20, 59, 49, 14, 72, 77, 80, 60,
b : 55, 28, 1, 10,
pb
a: 59, 49, 14, 72, 77, 80, 60,
b : 20, 55, 28, 1, 10,
rra
a: 49, 14, 72, 77, 80, 60, 59,
b : 20, 55, 28, 1, 10,
pb
a: 14, 72, 77, 80, 60, 59,
b : 49, 20, 55, 28, 1, 10,
pb
a: 72, 77, 80, 60, 59,
b : 14, 49, 20, 55, 28, 1, 10,
ra
a: 59, 72, 77, 80, 60,
b : 14, 49, 20, 55, 28, 1, 10,
ra
a: 60, 59, 72, 77, 80,
b : 14, 49, 20, 55, 28, 1, 10,
sa
a: 59, 60, 72, 77, 80,
b : 14, 49, 20, 55, 28, 1, 10,
rrb
a: 59, 60, 72, 77, 80,
b : 49, 20, 55, 28, 1, 10, 14,
pa
a: 49, 59, 60, 72, 77, 80,
b : 20, 55, 28, 1, 10, 14,
rrb
a: 49, 59, 60, 72, 77, 80,
b : 55, 28, 1, 10, 14, 20,
pa
a: 55, 49, 59, 60, 72, 77, 80,
b : 28, 1, 10, 14, 20,
pa
a: 28, 55, 49, 59, 60, 72, 77, 80,
b : 1, 10, 14, 20,
ra
a: 80, 28, 55, 49, 59, 60, 72, 77,
b : 1, 10, 14, 20,
ra
a: 77, 80, 28, 55, 49, 59, 60, 72,
b : 1, 10, 14, 20,
pb
a: 80, 28, 55, 49, 59, 60, 72,
b : 77, 1, 10, 14, 20,
sa
a: 28, 80, 55, 49, 59, 60, 72,
b : 77, 1, 10, 14, 20,
pa
a: 77, 28, 80, 55, 49, 59, 60, 72,
b : 1, 10, 14, 20,
sb
a: 77, 28, 80, 55, 49, 59, 60, 72,
b : 10, 1, 14, 20,
pa
a: 10, 77, 28, 80, 55, 49, 59, 60, 72,
b : 1, 14, 20,
pa
a: 1, 10, 77, 28, 80, 55, 49, 59, 60, 72,
b : 14, 20,
sb
a: 1, 10, 77, 28, 80, 55, 49, 59, 60, 72,
b : 20, 14,
pa
a: 20, 1, 10, 77, 28, 80, 55, 49, 59, 60, 72,
b : 14,
pa
a: 14, 20, 1, 10, 77, 28, 80, 55, 49, 59, 60, 72,
b :
14, 20, KO
